100 100 
17 14 
# segments
sg 0 10 10 56.000000 39.000000 0.000000 55.000000 39.000000 0.000000 54.000000 39.000000 0.000000 53.000000 39.000000 0.000000 52.000000 39.000000 0.000000 51.000000 39.000000 0.000000 50.000000 39.000000 0.000000 49.000000 39.000000 0.000000 48.000000 39.000000 0.000000 47.000000 39.000000 0.000000 
sg 2 13 10 56.000000 18.000000 0.000000 55.000000 18.000000 0.000000 54.000000 18.000000 0.000000 53.000000 18.000000 0.000000 52.000000 18.000000 0.000000 51.000000 18.000000 0.000000 50.000000 18.000000 0.000000 49.000000 18.000000 0.000000 48.000000 18.000000 0.000000 47.000000 18.000000 0.000000 
sg 4 0 5 62.000000 34.000000 315.000000 61.000000 35.000000 315.000000 60.000000 36.000000 315.000000 59.000000 37.000000 315.000000 58.000000 38.000000 315.000000 
sg 4 5 8 63.000000 32.000000 90.000000 63.000000 31.000000 90.000000 63.000000 30.000000 90.000000 63.000000 29.000000 90.000000 63.000000 28.000000 90.000000 63.000000 27.000000 90.000000 63.000000 26.000000 90.000000 63.000000 25.000000 90.000000 
sg 5 2 5 62.000000 23.000000 45.000000 61.000000 22.000000 45.000000 60.000000 21.000000 45.000000 59.000000 20.000000 45.000000 58.000000 19.000000 45.000000 
sg 1 6 5 25.000000 38.000000 45.000000 24.000000 37.000000 45.000000 23.000000 36.000000 45.000000 22.000000 35.000000 45.000000 21.000000 34.000000 45.000000 
sg 7 3 5 21.000000 23.000000 135.000000 22.000000 22.000000 135.000000 23.000000 21.000000 135.000000 24.000000 20.000000 135.000000 25.000000 19.000000 135.000000 
sg 6 7 8 20.000000 32.000000 90.000000 20.000000 31.000000 90.000000 20.000000 30.000000 90.000000 20.000000 29.000000 90.000000 20.000000 28.000000 90.000000 20.000000 27.000000 90.000000 20.000000 26.000000 90.000000 20.000000 25.000000 90.000000 
sg 8 9 3 41.000000 36.000000 315.000000 40.000000 37.000000 315.000000 39.000000 38.000000 315.000000 
sg 9 1 11 37.000000 39.000000 0.000000 36.000000 39.000000 0.000000 35.000000 39.000000 0.000000 34.000000 39.000000 0.000000 33.000000 39.000000 0.000000 32.000000 39.000000 0.000000 31.000000 39.000000 0.000000 30.000000 39.000000 0.000000 29.000000 39.000000 0.000000 28.000000 39.000000 0.000000 27.000000 39.000000 0.000000 
sg 10 8 3 45.000000 38.000000 45.000000 44.000000 37.000000 45.000000 43.000000 36.000000 45.000000 
sg 10 9 7 45.000000 39.000000 0.000000 44.000000 39.000000 0.000000 43.000000 39.000000 0.000000 42.000000 39.000000 0.000000 41.000000 39.000000 0.000000 40.000000 39.000000 0.000000 39.000000 39.000000 0.000000 
sg 11 12 3 41.000000 21.000000 45.000000 40.000000 20.000000 45.000000 39.000000 19.000000 45.000000 
sg 12 3 11 37.000000 18.000000 0.000000 36.000000 18.000000 0.000000 35.000000 18.000000 0.000000 34.000000 18.000000 0.000000 33.000000 18.000000 0.000000 32.000000 18.000000 0.000000 31.000000 18.000000 0.000000 30.000000 18.000000 0.000000 29.000000 18.000000 0.000000 28.000000 18.000000 0.000000 27.000000 18.000000 0.000000 
sg 13 11 3 45.000000 19.000000 315.000000 44.000000 20.000000 315.000000 43.000000 21.000000 315.000000 
sg 13 12 7 45.000000 18.000000 0.000000 44.000000 18.000000 0.000000 43.000000 18.000000 0.000000 42.000000 18.000000 0.000000 41.000000 18.000000 0.000000 40.000000 18.000000 0.000000 39.000000 18.000000 0.000000 
sg 8 11 12 42.000000 34.000000 90.000000 42.000000 33.000000 90.000000 42.000000 32.000000 90.000000 42.000000 31.000000 90.000000 42.000000 30.000000 90.000000 42.000000 29.000000 90.000000 42.000000 28.000000 90.000000 42.000000 27.000000 90.000000 42.000000 26.000000 90.000000 42.000000 25.000000 90.000000 42.000000 24.000000 90.000000 42.000000 23.000000 90.000000 
# switches
sw 57.000000 39.000000 2 0 0 2 1 
sw 26.000000 39.000000 2 5 0 9 1 
sw 57.000000 18.000000 2 1 0 4 1 
sw 26.000000 18.000000 2 6 1 13 1 
sw 63.000000 33.000000 2 2 0 3 0 
sw 63.000000 24.000000 2 3 1 4 0 
sw 20.000000 33.000000 2 5 1 7 0 
sw 20.000000 24.000000 2 6 0 7 1 
sw 42.000000 35.000000 3 8 0 10 1 16 0 
sw 38.000000 39.000000 3 9 0 8 1 11 1 
sw 46.000000 39.000000 3 11 0 0 1 10 0 
sw 42.000000 22.000000 3 12 0 14 1 16 1 
sw 38.000000 18.000000 3 13 0 12 1 15 1 
sw 46.000000 18.000000 3 15 0 1 1 14 0 

